0	
0	
0	
0	
0	
0	
1	
0	
0	
0	
0	
1	
0	
0	
1	
1	
0	
0	
0	
1	
0	
0	
1	
1	
0	
0	
0	
1	
0	
0	
1	
1	
0	
0	
0	
1	
0	
0	
1	
1	
0	
0	
0	
1	
0	
0	
1	
1	
0	
0	
0	
1	
0	
0	
1	
1	
0	
0	
0	
1	
0	
0	
1	
1	
0	
0	
0	
1	
0	
0	
1	
1	
0	
0	
0	
1	
0	
0	
1	
1	
0	
0	
0	
1	
0	
0	
1	
1	
0	
0	
0	
1	
0	
0	
1	
1	
0	
0	
0	
1	
0	
0	
1	
1	
0	
0	
0	
1	
0	
0	
1	
1	
0	
0	
0	
1	
0	
0	
1	
1	
0	
0	
0	
1	
0	
0	
1	
1	
0	
0	
0	
1	
0	
0	
1	
1	
0	
0	
0	
1	
0	
0	
1	
1	
0	
0	
0	
1	
0	
0	
1	
1	
0	
0	
0	
1	
0	
0	
1	
1	
0	
0	
0	
1	
0	
0	
1	
1	
0	
0	
0	
1	
0	
0	
1	
1	
0	
0	
0	
1	
0	
0	
1	
1	
0	
0	
0	
1	
0	
0	
1	
1	
0	
0	
0	
1	
0	
0	
1	
1	
0	
0	
0	
1	
0	
0	
1	
1	
0	
0	
0	
1	
0	
0	
1	
1	
0	
0	
0	
1	
0	
0	
1	
1	
0	
0	
0	
1	
0	
0	
1	
1	
0	
0	
0	
1	
0	
0	
1	
1	
0	
0	
0	
1	
0	
0	
1	
1	
0	
0	
0	
1	
0	
0	
1	
1	
0	
0	
0	
1	
0	
0	
1	
1	
1	
0	
0	
1	
1	
4738746	
3	
16	
1	
0	
0	
1	
1	
4739802	
3	
16	
1	
0	
0	
1	
1	
4739802	
3	
16	
1	
0	
0	
1	
1	
4739802	
3	
16	
1	
0	
0	
1	
1	
4739802	
3	
16	
1	
0	
0	
1	
1	
4739802	
3	
16	
